place(2.676, -6.368, 6.775, "Shotgunner", 300)
place(4.339, -6.368, 5.424, "Shotgunner", 300)
place(1.925, -6.368, 4.834, "Shotgunner", 300)
place(7.851, -6.368, 8.331, "Shotgunner", 300)
place(8.834, -6.368, 12.380, "Shotgunner", 300)
place(9.700, -6.368, 14.271, "Shotgunner", 300)
upgrade(2.676, -5.018, 6.775, 150)
upgrade(2.676, -5.018, 6.775, 950)
upgrade(1.925, -5.018, 4.834, 150)
upgrade(7.851, -5.018, 8.331, 150)
upgrade(7.851, -5.018, 8.331, 950)
upgrade(8.834, -5.018, 12.380, 150)
upgrade(9.700, -5.018, 14.271, 150)
upgrade(8.834, -5.018, 12.380, 950)
upgrade(9.700, -5.018, 14.271, 950)
upgrade(1.925, -5.018, 4.834, 950)
upgrade(4.339, -5.018, 5.424, 150)
upgrade(4.339, -5.018, 5.424, 950)
place(8.382, -6.368, 2.036, "Shotgunner", 300)
upgrade(8.382, -5.018, 2.036, 150)
upgrade(8.382, -5.018, 2.036, 950)
place(9.015, -6.368, 0.038, "Shotgunner", 300)
upgrade(9.015, -5.018, 0.038, 150)
upgrade(9.015, -5.018, 0.038, 950)
